3900
19590
2370
10230
24510
810
25770
29490
18930
1230
5790
27210
18390
17970
14610
24990
15630
690
21030
9930
17790
10110
10770
3090
2190
6990
2490
8070
19830
24630
16230
17070
5010
21570
1590
7170
7890
4530
12570
26430
19770
20190
25890
12270
13470
29310
3810
3030
11670
7530
4890
10590
9390
14970
13710
24690
7230
23190
4470
15270
27330
11190
25230
29730
26490
26610
5730
7710
25590
22170
6330
21810
8790
26310
11490
11370
21990
4710
13830
6810
17130
10470
5430
14730
24330
2910
6870
16890
29130
1830
21270
13290
13890
12930
13170
4170
23070
8130
6690
28230
