5182
687174
97984032
897719
27453174
6613
493489
63704512
29729955
8408
392346
688115
82806212
562008
95552554
4473
7288
995526
6430
4667
7828
7027
21597273
1075
35003282
5094
849950
1347
4072
3488
340603
162564
18939576
8599
36145423
8588
94803161
632975
69257111
1403
54368999
39317332
54998317
2985
526715
40815538
1765
8340
30123069
4878
57496943
447047
5251
589985
240229
145596
22235544
184233
9557
9609
38033016
996594
5950
3199
37296572
428980
142819
84858300
13157346
2098
3355
709584
2348
19227149
59313712
393580
3198
57521854
659245
8972
229845
13291774
29677158
98014239
593768
7893
5140
856495
23491570
2464
5779
61185631
3290
6442
559810
397935
22771779
179538
5588
351807
14338985
532090
6570
17636401
95898485
115384
225564
617946
258096
77392434
11133032
78142417
171016
8650
2713
35857670
425269
5570
5430
1632
125238
6012
715947
7211
482191
85099829
668831
43221620
2504
57792611
54368965
9802
46748744
7972
49316199
8728
708984
7933
597172
70693457
5825
41392265
1110
46169869
6046
6275
7649
6576
553681
6775
3727
15214862
336945
8874
6102
980921
71213497
25495257
24268942
27449498
4645
2221
9767
4558
7648
226285
17396605
207975
43122216
75762603
8582
83201479
6509
984308
2661
205291
4634
61342136
89811870
23264883
4010
81682314
343278
964971
15322575
19207053
1593
88956648
9614
68377135
3079
63537243
307459
91287334
65269954
32586531
902165
127372
47541238
828644
9736
3935
7211
52989130
84632819
9136
12901494
40720213
70447205
32016885
8539
1075
575153
19339705
19902420
59317511
3512
465919
7467
7841
39207454
58531447
2272
208084
54976493
1244
140022
676739
129894
5821
92554908
94027129
51000399
2630
308687
35542570
225309
11517068
167503
448350
663813
50327032
105949
492856
4723
37090538
6782
982238
3955
89475663
8917
48877040
708707
474596
256316
480778
11261365
5449
9161
651587
1295
312836
947336
96803474
9248
48560954
9740
5234
19565847
83942924
7904
68071496
3066
918962
8699
3452
86666254
307214
364423
21571762
7759
37190661
5895
7841
372401
27765564
29136456
3977
17641710
44019916
81410035
499626
994131
6711
466772
287385
470642
7258
7252
5252
660389
521772
7378
88961464
74211545
66720541
90912400
42140587
17949032
48761627
195863
932928
919260
949630
617720
719179
578716
566243
9617
19520597
17155115
64787828
2188
360305
523280
332425
55768324
55176451
54108218
86109708
61663859
78643229
162753
1423
406351
4512
7913
850012
240559
49291318
782474
6152
92691734
43916569
8142
26203316
766317
8830
142460
36539067
7534
24276287
77868505
62900552
6948
31986776
9556
513737
864408
311503
5904
963435
539567
1769
3740
760318
8631
884770
24968895
759919
825965
540312
681679
5737
52587065
5318
62349554
297303
16567370
8406
666856
98084945
4266
9290
4027
902830
559972
565612
387739
65468830
9924
29138180
4977
949299
725685
16733546
3162
29858100
8992
679620
61173733
891941
95098602
4184
5164
2680
3064
14420048
16474139
26957794
449232
636614
4897
49727027
6915
95754697
59681425
77628055
252660
542567
7686
9443
9410
212735
3208
989345
1166
596758
6979
1687
27205199
328693
2701
7297
76708142
675008
2985
48576418
745274
19053087
558556
911830
619789
90169145
4449
481009
85822269
6077
3124
801229
2407
5732
628696
298246
90105656
266688
142616
591315
5470
6526
4894
784679
65035417
5579
55307367
3979
958807
6438
234718
44591255
68267373
17333926
7546
124867
751016
51436625
5016
870902
5918
9601
41031398
3570
419094
6854
7205
79667790
958976
1477
51787569
84381068
895492
81526983
89629990
3034
99386861
2409
18992662
7567
7469
298889
