2 2 3 5
2 2 2 3 5
2 2 3 3 5
2 2 2 2 3 5
2 2 3 5 5
2 2 2 3 3 5
2 2 3 5 7
2 2 2 2 2 3 5
2 2 3 3 3 5
2 2 2 3 5 5
2 2 3 5 11
2 2 2 2 3 3 5
2 2 3 5 13
2 2 2 3 5 7
2 2 3 3 5 5
2 2 2 2 2 2 3 5
2 2 3 5 17
2 2 2 3 3 3 5
2 2 3 5 19
2 2 2 2 3 5 5
2 2 3 3 5 7
2 2 2 3 5 11
2 2 3 5 23
2 2 2 2 2 3 3 5
2 2 3 5 5 5
2 2 2 3 5 13
2 2 3 3 3 3 5
2 2 2 2 3 5 7
2 2 3 5 29
2 2 2 3 3 5 5
2 2 3 5 31
2 2 2 2 2 2 2 3 5
2 2 3 3 5 11
2 2 2 3 5 17
2 2 3 5 5 7
2 2 2 2 3 3 3 5
2 2 3 5 37
2 2 2 3 5 19
2 2 3 3 5 13
2 2 2 2 2 3 5 5
2 2 3 5 41
2 2 2 3 3 5 7
2 2 3 5 43
2 2 2 2 3 5 11
2 2 3 3 3 5 5
2 2 2 3 5 23
2 2 3 5 47
2 2 2 2 2 2 3 3 5
2 2 3 5 7 7
2 2 2 3 5 5 5
2 2 3 3 5 17
2 2 2 2 3 5 13
2 2 3 5 53
2 2 2 3 3 3 3 5
2 2 3 5 5 11
2 2 2 2 2 3 5 7
2 2 3 3 5 19
2 2 2 3 5 29
2 2 3 5 59
2 2 2 2 3 3 5 5
2 2 3 5 61
2 2 2 3 5 31
2 2 3 3 3 5 7
2 2 2 2 2 2 2 2 3 5
2 2 3 5 5 13
2 2 2 3 3 5 11
2 2 3 5 67
2 2 2 2 3 5 17
2 2 3 3 5 23
2 2 2 3 5 5 7
2 2 3 5 71
2 2 2 2 2 3 3 3 5
2 2 3 5 73
2 2 2 3 5 37
2 2 3 3 5 5 5
2 2 2 2 3 5 19
2 2 3 5 7 11
2 2 2 3 3 5 13
2 2 3 5 79
2 2 2 2 2 2 3 5 5
2 2 3 3 3 3 3 5
2 2 2 3 5 41
2 2 3 5 83
2 2 2 2 3 3 5 7
2 2 3 5 5 17
2 2 2 3 5 43
2 2 3 3 5 29
2 2 2 2 2 3 5 11
2 2 3 5 89
2 2 2 3 3 3 5 5
2 2 3 5 7 13
2 2 2 2 3 5 23
2 2 3 3 5 31
2 2 2 3 5 47
2 2 3 5 5 19
2 2 2 2 2 2 2 3 3 5
2 2 3 5 97
2 2 2 3 5 7 7
2 2 3 3 3 5 11
2 2 2 2 3 5 5 5
